    15
ind1      0 11 11 13 11 10 12 10 8 15 5 11 11 12 10 
ind2      11 0 7 14 11 13 8 7 13 13 12 11 15 11 8 
ind3      11 7 0 5 11 13 17 14 9 9 18 15 11 17 17 
ind4      13 14 5 0 9 18 12 9 22 14 10 14 7 18 8 
ind5      11 11 11 9 0 11 17 15 18 12 10 9 13 10 21 
ind6      10 13 13 18 11 0 10 10 14 17 11 16 16 16 14 
ind7      12 8 17 12 17 10 0 9 7 11 7 11 12 9 6 
ind8      10 7 14 9 15 10 9 0 14 10 17 17 5 12 9 
ind9      8 13 9 22 18 14 7 14 0 17 7 10 10 8 8 
ind10      15 13 9 14 12 17 11 10 17 0 16 14 13 12 13 
ind11      5 12 18 10 10 11 7 17 7 16 0 11 10 12 12 
ind12      11 11 15 14 9 16 11 17 10 14 11 0 15 10 18 
ind13      11 15 11 7 13 16 12 5 10 13 10 15 0 12 14 
ind14      12 11 17 18 10 16 9 12 8 12 12 10 12 0 12 
ind15      10 8 17 8 21 14 6 9 8 13 12 18 14 12 0 
