   4          ind11           2.67500
   4             8            1.23958
   8          ind9            3.76042
   8            11            1.14063
  11             6            1.29687
   6             3            1.47656
   3          ind5            4.61364
   3          ind12           4.38636
   6          ind14           4.02344
  11            13            0.63672
  13            12            0.48047
  12            10            0.73828
  10          ind2            4.15625
  10             9            0.84375
   9          ind7            2.00000
   9          ind15           4.00000
  12             7            1.44922
   7             5            0.70089
   5             1            3.16667
   1          ind3            2.53846
   1          ind4            2.46154
   5          ind10           5.83333
   7             2            1.92411
   2          ind8            2.14583
   2          ind13           2.85417
  13          ind6            7.26953
   4          ind1            2.32500
